1 3 0 96 4 3 0 1 3 48.0 2.0 1.5 0.0 0.5 1.5 1
1 17 1 310 15 5 0 6 2 62.0 3.0 1.0 0.0 1.2 0.4 0
1 5 3 112 8 0 0 3 2 22.4 1.6 0.0 0.0 0.6 0.4 1
0 24 0 62 3 1 0 2 3 20.6666666667 1.0 0.333333333333 0.0 0.666666666667 1.0 0
1 6 11 1826 102 15 0 45 26 107.411764706 6.0 0.882352941176 0.0 2.64705882353 1.52941176471 1
1 5 2 266 16 1 2 8 3 53.2 3.2 0.2 0.4 1.6 0.6 0
0 7 3 462 12 4 0 6 16 30.8 0.8 0.266666666667 0.0 0.4 1.06666666667 0
1 8 4 122 5 3 0 4 2 17.4285714286 0.714285714286 0.428571428571 0.0 0.571428571429 0.285714285714 0
0 17 1 112 6 0 0 0 6 14.0 0.75 0.0 0.0 0.0 0.75 0
1 24 4 1048 50 10 1 25 21 209.6 10.0 2.0 0.2 5.0 4.2 1
0 11 0 97 7 4 0 3 0 48.5 3.5 2.0 0.0 1.5 0.0 1
1 9 12 1835 93 16 1 57 32 101.944444444 5.16666666667 0.888888888889 0.0555555555556 3.16666666667 1.77777777778 0
1 5 8 1876 97 17 1 61 43 81.5652173913 4.21739130435 0.739130434783 0.0434782608696 2.65217391304 1.86956521739 1
1 3 16 1674 91 22 2 51 17 64.3846153846 3.5 0.846153846154 0.0769230769231 1.96153846154 0.653846153846 0
1 6 14 2629 133 29 4 66 79 90.6551724138 4.58620689655 1.0 0.137931034483 2.27586206897 2.72413793103 0
1 2 3 517 26 7 0 15 20 64.625 3.25 0.875 0.0 1.875 2.5 1
1 16 2 140 7 0 1 4 0 35.0 1.75 0.0 0.25 1.0 0.0 1
1 15 4 615 33 22 0 23 12 51.25 2.75 1.83333333333 0.0 1.91666666667 1.0 1
1 15 1 332 14 3 0 11 3 83.0 3.5 0.75 0.0 2.75 0.75 0
1 6 0 113 4 1 0 4 4 56.5 2.0 0.5 0.0 2.0 2.0 1
1 4 1 93 4 2 0 4 4 23.25 1.0 0.5 0.0 1.0 1.0 0
1 1 2 164 10 2 0 5 6 82.0 5.0 1.0 0.0 2.5 3.0 0
0 34 1 269 27 5 0 7 4 38.4285714286 3.85714285714 0.714285714286 0.0 1.0 0.571428571429 1
1 4 39 5745 305 55 6 165 117 108.396226415 5.75471698113 1.03773584906 0.11320754717 3.11320754717 2.20754716981 0
1 24 1 194 13 1 0 5 6 32.3333333333 2.16666666667 0.166666666667 0.0 0.833333333333 1.0 1
1 12 1 496 22 3 3 14 8 55.1111111111 2.44444444444 0.333333333333 0.333333333333 1.55555555556 0.888888888889 1
0 13 3 434 27 4 1 10 7 31.0 1.92857142857 0.285714285714 0.0714285714286 0.714285714286 0.5 0
1 4 42 4283 388 25 4 125 98 60.323943662 5.46478873239 0.352112676056 0.056338028169 1.76056338028 1.38028169014 1
1 18 2 683 28 8 0 14 16 75.8888888889 3.11111111111 0.888888888889 0.0 1.55555555556 1.77777777778 0
1 6 21 1907 90 17 5 48 40 48.8974358974 2.30769230769 0.435897435897 0.128205128205 1.23076923077 1.02564102564 0
1 10 5 548 25 4 1 17 13 45.6666666667 2.08333333333 0.333333333333 0.0833333333333 1.41666666667 1.08333333333 1
0 19 1 329 11 3 0 3 11 36.5555555556 1.22222222222 0.333333333333 0.0 0.333333333333 1.22222222222 0
1 6 0 351 28 4 1 14 7 117.0 9.33333333333 1.33333333333 0.333333333333 4.66666666667 2.33333333333 1
1 3 36 4070 187 41 4 111 71 78.2692307692 3.59615384615 0.788461538462 0.0769230769231 2.13461538462 1.36538461538 1
0 12 3 240 9 1 1 5 4 18.4615384615 0.692307692308 0.0769230769231 0.0769230769231 0.384615384615 0.307692307692 1
1 5 38 4350 202 45 5 112 99 67.96875 3.15625 0.703125 0.078125 1.75 1.546875 0
0 17 0 140 8 5 0 4 5 28.0 1.6 1.0 0.0 0.8 1.0 1
0 28 0 31 2 0 0 0 0 10.3333333333 0.666666666667 0.0 0.0 0.0 0.0 0
0 0 0 24 0 0 0 0 0 24.0 0.0 0.0 0.0 0.0 0.0 0
1 2 50 5528 498 64 5 186 91 62.8181818182 5.65909090909 0.727272727273 0.0568181818182 2.11363636364 1.03409090909 1
1 9 6 976 44 18 2 32 8 54.2222222222 2.44444444444 1.0 0.111111111111 1.77777777778 0.444444444444 1
1 6 29 3988 177 37 7 103 69 107.783783784 4.78378378378 1.0 0.189189189189 2.78378378378 1.86486486486 0
1 21 5 1239 59 11 2 32 19 154.875 7.375 1.375 0.25 4.0 2.375 0
0 1 1 44 5 1 0 1 0 44.0 5.0 1.0 0.0 1.0 0.0 0
0 14 0 181 8 4 1 5 3 60.3333333333 2.66666666667 1.33333333333 0.333333333333 1.66666666667 1.0 0
1 9 8 1676 95 15 1 41 30 111.733333333 6.33333333333 1.0 0.0666666666667 2.73333333333 2.0 1
0 16 6 534 17 2 1 15 14 29.6666666667 0.944444444444 0.111111111111 0.0555555555556 0.833333333333 0.777777777778 0
1 19 0 259 11 3 0 8 9 51.8 2.2 0.6 0.0 1.6 1.8 0
1 13 3 743 33 10 0 19 12 49.5333333333 2.2 0.666666666667 0.0 1.26666666667 0.8 0
1 8 0 174 13 4 0 4 1 29.0 2.16666666667 0.666666666667 0.0 0.666666666667 0.166666666667 0
1 3 34 4773 219 40 3 139 74 103.760869565 4.76086956522 0.869565217391 0.0652173913043 3.02173913043 1.60869565217 0
1 36 1 132 7 2 0 2 0 44.0 2.33333333333 0.666666666667 0.0 0.666666666667 0.0 0
0 9 4 249 9 2 0 3 6 20.75 0.75 0.166666666667 0.0 0.25 0.5 0
1 10 10 1063 47 9 1 17 16 44.2916666667 1.95833333333 0.375 0.0416666666667 0.708333333333 0.666666666667 0
0 9 0 25 0 0 0 1 0 12.5 0.0 0.0 0.0 0.5 0.0 1
1 9 12 2248 107 21 5 62 35 97.7391304348 4.65217391304 0.913043478261 0.217391304348 2.69565217391 1.52173913043 0
1 11 5 1316 61 21 3 34 18 101.230769231 4.69230769231 1.61538461538 0.230769230769 2.61538461538 1.38461538462 1
1 10 8 1682 90 17 1 49 39 80.0952380952 4.28571428571 0.809523809524 0.047619047619 2.33333333333 1.85714285714 0
0 0 0 62 1 0 0 1 1 62.0 1.0 0.0 0.0 1.0 1.0 1
1 4 8 692 26 7 0 17 14 53.2307692308 2.0 0.538461538462 0.0 1.30769230769 1.07692307692 1
1 7 6 888 79 7 1 27 21 40.3636363636 3.59090909091 0.318181818182 0.0454545454545 1.22727272727 0.954545454545 0
0 23 0 166 10 0 0 6 0 55.3333333333 3.33333333333 0.0 0.0 2.0 0.0 1
0 16 1 252 29 2 1 8 2 31.5 3.625 0.25 0.125 1.0 0.25 0
1 9 14 1833 67 18 3 51 20 73.32 2.68 0.72 0.12 2.04 0.8 1
1 7 17 2223 116 33 3 52 39 69.46875 3.625 1.03125 0.09375 1.625 1.21875 0
1 8 2 671 40 7 0 17 10 95.8571428571 5.71428571429 1.0 0.0 2.42857142857 1.42857142857 1
1 10 10 2072 117 16 2 60 40 90.0869565217 5.08695652174 0.695652173913 0.0869565217391 2.60869565217 1.73913043478 0
1 7 12 2912 138 23 4 95 61 126.608695652 6.0 1.0 0.173913043478 4.13043478261 2.65217391304 1
1 9 10 888 44 7 2 24 17 37.0 1.83333333333 0.291666666667 0.0833333333333 1.0 0.708333333333 1
1 14 4 695 23 5 0 19 12 115.833333333 3.83333333333 0.833333333333 0.0 3.16666666667 2.0 0
1 10 5 697 38 11 0 19 15 38.7222222222 2.11111111111 0.611111111111 0.0 1.05555555556 0.833333333333 0
1 12 4 793 73 5 1 30 17 52.8666666667 4.86666666667 0.333333333333 0.0666666666667 2.0 1.13333333333 1
1 6 1 142 10 3 0 3 7 28.4 2.0 0.6 0.0 0.6 1.4 1
0 51 1 69 2 1 0 0 5 23.0 0.666666666667 0.333333333333 0.0 0.0 1.66666666667 0
1 5 20 2077 101 22 6 74 42 67.0 3.25806451613 0.709677419355 0.193548387097 2.38709677419 1.35483870968 1
1 5 23 4516 220 43 7 140 61 125.444444444 6.11111111111 1.19444444444 0.194444444444 3.88888888889 1.69444444444 0
1 11 7 736 29 12 0 22 16 52.5714285714 2.07142857143 0.857142857143 0.0 1.57142857143 1.14285714286 1
1 13 4 571 50 5 0 21 4 38.0666666667 3.33333333333 0.333333333333 0.0 1.4 0.266666666667 0
1 9 20 2687 131 31 7 75 39 92.6551724138 4.51724137931 1.06896551724 0.241379310345 2.58620689655 1.34482758621 0
1 22 3 386 19 5 0 11 10 64.3333333333 3.16666666667 0.833333333333 0.0 1.83333333333 1.66666666667 1
1 3 43 5158 253 53 6 147 90 88.9310344828 4.36206896552 0.913793103448 0.103448275862 2.53448275862 1.55172413793 0
1 6 11 1096 76 8 2 23 23 47.652173913 3.30434782609 0.347826086957 0.0869565217391 1.0 1.0 0
1 17 2 1131 64 8 2 37 19 141.375 8.0 1.0 0.25 4.625 2.375 0
1 22 5 1012 46 7 0 22 23 72.2857142857 3.28571428571 0.5 0.0 1.57142857143 1.64285714286 1
1 8 7 764 38 9 0 18 11 54.5714285714 2.71428571429 0.642857142857 0.0 1.28571428571 0.785714285714 1
1 24 1 678 20 6 1 14 11 96.8571428571 2.85714285714 0.857142857143 0.142857142857 2.0 1.57142857143 1
0 24 2 417 19 2 0 9 5 52.125 2.375 0.25 0.0 1.125 0.625 0
1 8 1 191 9 2 0 10 2 38.2 1.8 0.4 0.0 2.0 0.4 0
0 32 0 92 5 3 1 3 3 23.0 1.25 0.75 0.25 0.75 0.75 0
1 4 17 1741 79 20 1 43 41 79.1363636364 3.59090909091 0.909090909091 0.0454545454545 1.95454545455 1.86363636364 0
1 11 10 2219 94 19 0 59 45 110.95 4.7 0.95 0.0 2.95 2.25 0
0 33 0 47 1 0 0 0 0 23.5 0.5 0.0 0.0 0.0 0.0 1
1 6 14 1165 58 12 1 40 20 41.6071428571 2.07142857143 0.428571428571 0.0357142857143 1.42857142857 0.714285714286 0
1 8 11 1103 98 16 0 23 22 52.5238095238 4.66666666667 0.761904761905 0.0 1.09523809524 1.04761904762 1
0 0 0 9 0 0 0 0 0 9.0 0.0 0.0 0.0 0.0 0.0 1
1 31 0 202 9 0 1 5 6 101.0 4.5 0.0 0.5 2.5 3.0 0
1 38 0 66 4 0 1 2 0 22.0 1.33333333333 0.0 0.333333333333 0.666666666667 0.0 0
1 9 10 1950 78 20 1 60 36 108.333333333 4.33333333333 1.11111111111 0.0555555555556 3.33333333333 2.0 1
1 20 1 247 16 2 0 2 5 41.1666666667 2.66666666667 0.333333333333 0.0 0.333333333333 0.833333333333 0
1 37 1 381 23 6 1 13 6 95.25 5.75 1.5 0.25 3.25 1.5 0
1 14 2 751 59 10 1 20 12 107.285714286 8.42857142857 1.42857142857 0.142857142857 2.85714285714 1.71428571429 0
1 19 1 571 25 5 2 16 6 95.1666666667 4.16666666667 0.833333333333 0.333333333333 2.66666666667 1.0 1
1 17 3 1210 55 14 1 34 28 93.0769230769 4.23076923077 1.07692307692 0.0769230769231 2.61538461538 2.15384615385 0
0 10 0 219 12 0 0 6 1 54.75 3.0 0.0 0.0 1.5 0.25 0
1 7 29 5050 242 35 8 149 81 140.277777778 6.72222222222 0.972222222222 0.222222222222 4.13888888889 2.25 1
1 17 2 335 15 7 0 9 9 41.875 1.875 0.875 0.0 1.125 1.125 1
1 5 22 3382 143 37 3 94 71 86.7179487179 3.66666666667 0.948717948718 0.0769230769231 2.41025641026 1.82051282051 0
1 26 2 295 14 3 0 2 1 59.0 2.8 0.6 0.0 0.4 0.2 1
0 11 4 364 25 4 0 16 10 60.6666666667 4.16666666667 0.666666666667 0.0 2.66666666667 1.66666666667 0
1 5 32 4640 246 54 3 112 63 125.405405405 6.64864864865 1.45945945946 0.0810810810811 3.02702702703 1.7027027027 0
1 10 12 1623 135 17 7 52 30 67.625 5.625 0.708333333333 0.291666666667 2.16666666667 1.25 0
1 15 5 876 82 9 2 18 26 97.3333333333 9.11111111111 1.0 0.222222222222 2.0 2.88888888889 0
1 8 17 2914 138 34 5 84 46 145.7 6.9 1.7 0.25 4.2 2.3 0
1 5 0 72 2 1 0 1 0 36.0 1.0 0.5 0.0 0.5 0.0 0
1 15 3 487 24 5 0 8 2 54.1111111111 2.66666666667 0.555555555556 0.0 0.888888888889 0.222222222222 1
1 7 9 2451 127 28 4 86 46 102.125 5.29166666667 1.16666666667 0.166666666667 3.58333333333 1.91666666667 0
1 8 7 1213 55 10 0 30 24 80.8666666667 3.66666666667 0.666666666667 0.0 2.0 1.6 0
0 24 1 223 24 4 1 8 7 55.75 6.0 1.0 0.25 2.0 1.75 1
0 35 0 107 7 2 0 3 0 21.4 1.4 0.4 0.0 0.6 0.0 0
1 7 14 1266 55 11 1 43 19 66.6315789474 2.89473684211 0.578947368421 0.0526315789474 2.26315789474 1.0 1
0 25 0 174 8 3 0 6 5 58.0 2.66666666667 1.0 0.0 2.0 1.66666666667 0
1 28 2 418 27 4 0 18 4 69.6666666667 4.5 0.666666666667 0.0 3.0 0.666666666667 0
1 11 10 1290 107 14 2 37 25 92.1428571429 7.64285714286 1.0 0.142857142857 2.64285714286 1.78571428571 1
0 12 0 121 3 1 1 2 1 30.25 0.75 0.25 0.25 0.5 0.25 0
1 11 9 1464 79 8 1 54 14 77.0526315789 4.15789473684 0.421052631579 0.0526315789474 2.84210526316 0.736842105263 0
1 8 6 1484 81 12 4 41 37 82.4444444444 4.5 0.666666666667 0.222222222222 2.27777777778 2.05555555556 0
1 24 4 501 20 3 0 16 12 50.1 2.0 0.3 0.0 1.6 1.2 1
1 15 1 374 10 3 0 6 2 93.5 2.5 0.75 0.0 1.5 0.5 1
1 10 2 379 12 7 0 11 2 126.333333333 4.0 2.33333333333 0.0 3.66666666667 0.666666666667 1
0 6 8 683 34 8 1 30 27 27.32 1.36 0.32 0.04 1.2 1.08 0
1 9 13 2080 104 24 2 66 38 90.4347826087 4.52173913043 1.04347826087 0.0869565217391 2.86956521739 1.65217391304 0
1 15 1 636 50 8 2 23 14 90.8571428571 7.14285714286 1.14285714286 0.285714285714 3.28571428571 2.0 1
1 6 21 3548 167 37 3 85 58 126.714285714 5.96428571429 1.32142857143 0.107142857143 3.03571428571 2.07142857143 0
1 7 8 949 50 9 0 23 21 63.2666666667 3.33333333333 0.6 0.0 1.53333333333 1.4 0
1 3 47 6233 319 59 9 165 125 90.3333333333 4.6231884058 0.855072463768 0.130434782609 2.39130434783 1.8115942029 1
1 6 17 1693 84 21 3 67 15 62.7037037037 3.11111111111 0.777777777778 0.111111111111 2.48148148148 0.555555555556 1
1 9 4 853 40 6 3 27 10 71.0833333333 3.33333333333 0.5 0.25 2.25 0.833333333333 1
0 19 2 148 9 0 1 5 1 24.6666666667 1.5 0.0 0.166666666667 0.833333333333 0.166666666667 1
0 19 1 129 7 0 0 4 8 64.5 3.5 0.0 0.0 2.0 4.0 0
0 2 2 245 7 2 0 7 0 81.6666666667 2.33333333333 0.666666666667 0.0 2.33333333333 0.0 1
1 16 5 1262 83 16 1 43 15 114.727272727 7.54545454545 1.45454545455 0.0909090909091 3.90909090909 1.36363636364 1
1 22 0 140 10 2 0 6 2 28.0 2.0 0.4 0.0 1.2 0.4 1
1 27 2 351 13 15 1 8 9 175.5 6.5 7.5 0.5 4.0 4.5 1
0 47 0 96 4 2 0 3 1 48.0 2.0 1.0 0.0 1.5 0.5 0
1 4 4 369 18 7 0 14 6 52.7142857143 2.57142857143 1.0 0.0 2.0 0.857142857143 1
1 11 4 835 44 7 1 22 16 64.2307692308 3.38461538462 0.538461538462 0.0769230769231 1.69230769231 1.23076923077 1
1 9 6 1146 60 16 1 34 32 88.1538461538 4.61538461538 1.23076923077 0.0769230769231 2.61538461538 2.46153846154 1
1 2 3 272 14 2 0 11 8 38.8571428571 2.0 0.285714285714 0.0 1.57142857143 1.14285714286 0
1 15 1 201 16 2 0 6 6 67.0 5.33333333333 0.666666666667 0.0 2.0 2.0 1
1 14 12 1430 63 51 1 36 19 57.2 2.52 2.04 0.04 1.44 0.76 1
0 18 1 272 12 2 1 8 4 34.0 1.5 0.25 0.125 1.0 0.5 0
1 9 11 1270 64 8 2 35 10 52.9166666667 2.66666666667 0.333333333333 0.0833333333333 1.45833333333 0.416666666667 0
1 10 6 1060 46 7 2 29 18 66.25 2.875 0.4375 0.125 1.8125 1.125 0
1 9 15 1623 140 11 2 39 29 54.1 4.66666666667 0.366666666667 0.0666666666667 1.3 0.966666666667 1
1 18 2 729 66 3 0 26 22 81.0 7.33333333333 0.333333333333 0.0 2.88888888889 2.44444444444 0
1 0 0 26 2 0 0 0 1 26.0 2.0 0.0 0.0 0.0 1.0 1
1 7 23 2056 189 21 1 59 37 54.1052631579 4.97368421053 0.552631578947 0.0263157894737 1.55263157895 0.973684210526 0
1 9 4 1266 66 16 1 52 22 79.125 4.125 1.0 0.0625 3.25 1.375 1
1 4 26 3389 154 34 2 99 88 91.5945945946 4.16216216216 0.918918918919 0.0540540540541 2.67567567568 2.37837837838 0
0 21 1 154 9 0 1 2 4 77.0 4.5 0.0 0.5 1.0 2.0 1
1 17 3 302 17 1 0 9 10 33.5555555556 1.88888888889 0.111111111111 0.0 1.0 1.11111111111 0
0 7 16 775 40 7 0 24 9 29.8076923077 1.53846153846 0.269230769231 0.0 0.923076923077 0.346153846154 1
1 8 3 1248 69 10 0 30 13 156.0 8.625 1.25 0.0 3.75 1.625 1
1 20 2 601 42 6 0 13 24 66.7777777778 4.66666666667 0.666666666667 0.0 1.44444444444 2.66666666667 0
1 7 13 2170 103 12 3 62 36 86.8 4.12 0.48 0.12 2.48 1.44 1
0 3 0 55 2 2 0 1 1 27.5 1.0 1.0 0.0 0.5 0.5 1
1 10 9 1127 55 15 2 35 9 59.3157894737 2.89473684211 0.789473684211 0.105263157895 1.84210526316 0.473684210526 0
1 27 2 398 32 4 1 13 8 56.8571428571 4.57142857143 0.571428571429 0.142857142857 1.85714285714 1.14285714286 0
1 7 1 101 3 3 0 3 3 25.25 0.75 0.75 0.0 0.75 0.75 0
1 15 13 2412 111 26 3 69 42 96.48 4.44 1.04 0.12 2.76 1.68 0
1 16 1 123 9 2 0 3 3 24.6 1.8 0.4 0.0 0.6 0.6 0
1 5 12 2631 127 30 1 66 40 109.625 5.29166666667 1.25 0.0416666666667 2.75 1.66666666667 0
1 5 14 1070 57 35 3 23 33 46.5217391304 2.47826086957 1.52173913043 0.130434782609 1.0 1.4347826087 0
1 4 29 3921 344 40 6 134 73 65.35 5.73333333333 0.666666666667 0.1 2.23333333333 1.21666666667 1
1 3 40 5022 257 48 6 139 75 89.6785714286 4.58928571429 0.857142857143 0.107142857143 2.48214285714 1.33928571429 0
1 7 1 723 31 9 1 17 16 72.3 3.1 0.9 0.1 1.7 1.6 1
0 16 2 299 11 2 0 8 6 59.8 2.2 0.4 0.0 1.6 1.2 1
0 0 0 19 0 0 0 0 0 19.0 0.0 0.0 0.0 0.0 0.0 0
1 14 2 906 36 30 0 32 14 69.6923076923 2.76923076923 2.30769230769 0.0 2.46153846154 1.07692307692 0
1 6 1 262 15 2 1 7 7 52.4 3.0 0.4 0.2 1.4 1.4 1
1 8 15 2492 120 24 2 70 44 95.8461538462 4.61538461538 0.923076923077 0.0769230769231 2.69230769231 1.69230769231 1
1 17 9 1448 88 8 1 49 22 96.5333333333 5.86666666667 0.533333333333 0.0666666666667 3.26666666667 1.46666666667 0
1 4 18 2999 153 34 5 80 39 130.391304348 6.65217391304 1.47826086957 0.217391304348 3.47826086957 1.69565217391 1
1 13 4 620 29 9 1 19 11 41.3333333333 1.93333333333 0.6 0.0666666666667 1.26666666667 0.733333333333 0
0 33 0 52 6 0 0 1 2 17.3333333333 2.0 0.0 0.0 0.333333333333 0.666666666667 1
1 32 4 616 25 5 0 28 19 88.0 3.57142857143 0.714285714286 0.0 4.0 2.71428571429 0
0 15 1 242 12 5 0 5 5 30.25 1.5 0.625 0.0 0.625 0.625 1
0 14 3 381 19 6 1 13 11 29.3076923077 1.46153846154 0.461538461538 0.0769230769231 1.0 0.846153846154 1
0 30 0 121 5 1 0 3 4 40.3333333333 1.66666666667 0.333333333333 0.0 1.0 1.33333333333 0
0 12 0 51 3 0 0 4 1 17.0 1.0 0.0 0.0 1.33333333333 0.333333333333 1
1 10 18 2468 244 23 3 70 36 82.2666666667 8.13333333333 0.766666666667 0.1 2.33333333333 1.2 1
1 20 3 775 66 7 0 14 26 129.166666667 11.0 1.16666666667 0.0 2.33333333333 4.33333333333 1
1 3 45 5879 506 70 8 191 140 63.902173913 5.5 0.760869565217 0.0869565217391 2.07608695652 1.52173913043 0
1 4 28 3402 333 37 2 110 70 75.6 7.4 0.822222222222 0.0444444444444 2.44444444444 1.55555555556 0
1 23 7 848 44 12 1 26 14 70.6666666667 3.66666666667 1.0 0.0833333333333 2.16666666667 1.16666666667 0
1 11 3 960 53 35 0 40 14 80.0 4.41666666667 2.91666666667 0.0 3.33333333333 1.16666666667 0
0 15 1 57 3 0 0 1 3 14.25 0.75 0.0 0.0 0.25 0.75 1
0 18 0 49 1 0 0 0 5 12.25 0.25 0.0 0.0 0.0 1.25 0
1 9 2 484 24 6 0 13 8 60.5 3.0 0.75 0.0 1.625 1.0 1
1 10 4 271 12 11 2 11 3 54.2 2.4 2.2 0.4 2.2 0.6 1
0 23 0 124 7 1 0 4 5 17.7142857143 1.0 0.142857142857 0.0 0.571428571429 0.714285714286 0
1 11 5 700 27 14 1 14 23 35.0 1.35 0.7 0.05 0.7 1.15 0
1 18 6 1137 56 38 1 26 14 66.8823529412 3.29411764706 2.23529411765 0.0588235294118 1.52941176471 0.823529411765 0
1 8 4 224 15 8 0 3 4 28.0 1.875 1.0 0.0 0.375 0.5 1
1 14 3 903 48 10 0 25 14 90.3 4.8 1.0 0.0 2.5 1.4 0
0 18 0 93 5 0 0 1 8 23.25 1.25 0.0 0.0 0.25 2.0 1
1 15 4 830 41 6 1 25 5 69.1666666667 3.41666666667 0.5 0.0833333333333 2.08333333333 0.416666666667 1
0 22 1 92 3 0 0 2 0 15.3333333333 0.5 0.0 0.0 0.333333333333 0.0 0
1 9 5 993 58 8 4 26 23 70.9285714286 4.14285714286 0.571428571429 0.285714285714 1.85714285714 1.64285714286 1
1 7 0 163 8 0 0 6 2 27.1666666667 1.33333333333 0.0 0.0 1.0 0.333333333333 0
1 8 5 661 16 10 1 19 8 73.4444444444 1.77777777778 1.11111111111 0.111111111111 2.11111111111 0.888888888889 1
1 26 1 199 10 4 0 8 0 24.875 1.25 0.5 0.0 1.0 0.0 1
1 12 6 1628 90 12 0 54 24 101.75 5.625 0.75 0.0 3.375 1.5 0
1 6 16 2062 122 21 2 45 38 66.5161290323 3.93548387097 0.677419354839 0.0645161290323 1.45161290323 1.22580645161 1
1 16 3 423 21 2 0 17 9 32.5384615385 1.61538461538 0.153846153846 0.0 1.30769230769 0.692307692308 1
0 16 0 242 13 4 0 11 1 24.2 1.3 0.4 0.0 1.1 0.1 0
0 42 0 24 2 0 0 1 0 12.0 1.0 0.0 0.0 0.5 0.0 0
1 4 18 2700 129 35 3 86 44 84.375 4.03125 1.09375 0.09375 2.6875 1.375 0
1 12 11 1313 78 13 2 38 28 72.9444444444 4.33333333333 0.722222222222 0.111111111111 2.11111111111 1.55555555556 1
1 12 0 406 22 1 0 9 9 50.75 2.75 0.125 0.0 1.125 1.125 0
1 2 2 92 6 1 0 0 1 23.0 1.5 0.25 0.0 0.0 0.25 0
0 15 2 336 15 11 0 2 8 30.5454545455 1.36363636364 1.0 0.0 0.181818181818 0.727272727273 0
1 15 5 404 13 2 0 5 5 28.8571428571 0.928571428571 0.142857142857 0.0 0.357142857143 0.357142857143 1
1 5 4 835 44 9 2 26 17 83.5 4.4 0.9 0.2 2.6 1.7 0
1 16 3 765 48 9 0 25 11 76.5 4.8 0.9 0.0 2.5 1.1 0
1 0 0 190 8 3 0 3 2 190.0 8.0 3.0 0.0 3.0 2.0 0
1 14 6 546 42 5 0 13 10 60.6666666667 4.66666666667 0.555555555556 0.0 1.44444444444 1.11111111111 1
1 25 4 993 52 16 2 26 11 124.125 6.5 2.0 0.25 3.25 1.375 1
1 7 14 2954 138 38 5 88 57 155.473684211 7.26315789474 2.0 0.263157894737 4.63157894737 3.0 0
0 0 0 19 1 1 0 1 0 19.0 1.0 1.0 0.0 1.0 0.0 1
0 15 4 524 52 10 0 11 8 65.5 6.5 1.25 0.0 1.375 1.0 1
0 44 0 101 6 0 0 1 6 25.25 1.5 0.0 0.0 0.25 1.5 1
1 1 1 48 4 0 0 1 1 24.0 2.0 0.0 0.0 0.5 0.5 0
1 9 2 783 29 8 0 19 14 130.5 4.83333333333 1.33333333333 0.0 3.16666666667 2.33333333333 0
1 8 6 1334 77 13 2 37 27 83.375 4.8125 0.8125 0.125 2.3125 1.6875 0
0 11 2 196 8 1 0 3 3 39.2 1.6 0.2 0.0 0.6 0.6 1
1 10 3 883 46 10 1 25 10 67.9230769231 3.53846153846 0.769230769231 0.0769230769231 1.92307692308 0.769230769231 0
0 14 0 157 6 1 0 2 2 26.1666666667 1.0 0.166666666667 0.0 0.333333333333 0.333333333333 0
0 34 0 35 2 0 0 2 2 8.75 0.5 0.0 0.0 0.5 0.5 1
0 20 0 30 3 0 0 0 1 6.0 0.6 0.0 0.0 0.0 0.2 1
1 17 5 692 41 2 2 14 3 62.9090909091 3.72727272727 0.181818181818 0.181818181818 1.27272727273 0.272727272727 1
1 7 6 1171 70 7 1 37 42 61.6315789474 3.68421052632 0.368421052632 0.0526315789474 1.94736842105 2.21052631579 1
0 17 1 113 4 1 0 5 0 14.125 0.5 0.125 0.0 0.625 0.0 1
1 6 17 3487 193 35 5 108 53 124.535714286 6.89285714286 1.25 0.178571428571 3.85714285714 1.89285714286 1
1 3 3 503 26 8 1 12 10 62.875 3.25 1.0 0.125 1.5 1.25 0
1 1 1 69 2 2 0 2 1 69.0 2.0 2.0 0.0 2.0 1.0 1
1 2 27 2245 120 74 3 49 64 38.0508474576 2.03389830508 1.25423728814 0.0508474576271 0.830508474576 1.08474576271 1
0 0 0 6 0 2 0 0 0 6.0 0.0 2.0 0.0 0.0 0.0 1
1 9 9 1833 110 17 2 57 34 114.5625 6.875 1.0625 0.125 3.5625 2.125 0
1 22 2 259 16 1 0 6 2 37.0 2.28571428571 0.142857142857 0.0 0.857142857143 0.285714285714 1
1 18 5 563 34 5 0 21 19 70.375 4.25 0.625 0.0 2.625 2.375 1
1 1 1 202 8 1 0 2 1 202.0 8.0 1.0 0.0 2.0 1.0 1
1 2 52 8177 400 80 13 248 158 113.569444444 5.55555555556 1.11111111111 0.180555555556 3.44444444444 2.19444444444 1
1 22 1 354 16 3 0 9 10 50.5714285714 2.28571428571 0.428571428571 0.0 1.28571428571 1.42857142857 1
0 14 2 286 13 3 0 4 6 31.7777777778 1.44444444444 0.333333333333 0.0 0.444444444444 0.666666666667 1
1 3 33 4246 227 39 4 103 84 73.2068965517 3.91379310345 0.672413793103 0.0689655172414 1.77586206897 1.44827586207 0
1 11 9 1720 94 11 0 44 29 107.5 5.875 0.6875 0.0 2.75 1.8125 1
0 11 0 152 9 0 0 7 2 30.4 1.8 0.0 0.0 1.4 0.4 1
0 13 2 192 8 1 0 6 6 14.7692307692 0.615384615385 0.0769230769231 0.0 0.461538461538 0.461538461538 1
0 23 0 154 6 5 2 5 5 22.0 0.857142857143 0.714285714286 0.285714285714 0.714285714286 0.714285714286 0
1 26 6 737 40 5 1 26 16 105.285714286 5.71428571429 0.714285714286 0.142857142857 3.71428571429 2.28571428571 1
1 20 4 1022 88 9 1 43 20 102.2 8.8 0.9 0.1 4.3 2.0 0
0 11 1 399 19 20 1 11 12 57.0 2.71428571429 2.85714285714 0.142857142857 1.57142857143 1.71428571429 0
1 12 9 1660 73 18 3 36 34 97.6470588235 4.29411764706 1.05882352941 0.176470588235 2.11764705882 2.0 0
0 15 2 388 17 3 0 11 3 43.1111111111 1.88888888889 0.333333333333 0.0 1.22222222222 0.333333333333 0
1 8 8 1601 87 19 0 57 15 114.357142857 6.21428571429 1.35714285714 0.0 4.07142857143 1.07142857143 0
1 8 15 2075 108 19 0 63 40 79.8076923077 4.15384615385 0.730769230769 0.0 2.42307692308 1.53846153846 0
0 0 0 27 1 0 0 0 2 27.0 1.0 0.0 0.0 0.0 2.0 1
1 9 7 1021 33 17 0 24 24 51.05 1.65 0.85 0.0 1.2 1.2 0
0 23 1 201 11 3 0 6 8 33.5 1.83333333333 0.5 0.0 1.0 1.33333333333 0
0 36 0 136 6 1 0 4 7 34.0 1.5 0.25 0.0 1.0 1.75 1
1 20 1 414 38 6 0 12 15 69.0 6.33333333333 1.0 0.0 2.0 2.5 1
1 27 2 314 26 4 0 8 8 44.8571428571 3.71428571429 0.571428571429 0.0 1.14285714286 1.14285714286 0
1 23 2 339 22 5 0 6 12 113.0 7.33333333333 1.66666666667 0.0 2.0 4.0 1
1 8 8 1643 81 16 1 48 17 109.533333333 5.4 1.06666666667 0.0666666666667 3.2 1.13333333333 0
1 14 15 1522 94 17 1 39 27 58.5384615385 3.61538461538 0.653846153846 0.0384615384615 1.5 1.03846153846 0
0 52 0 109 5 1 0 6 5 54.5 2.5 0.5 0.0 3.0 2.5 0
1 9 8 1369 62 9 1 35 32 91.2666666667 4.13333333333 0.6 0.0666666666667 2.33333333333 2.13333333333 0
1 17 2 861 49 3 1 28 17 172.2 9.8 0.6 0.2 5.6 3.4 0
1 11 7 1092 56 9 1 34 15 42.0 2.15384615385 0.346153846154 0.0384615384615 1.30769230769 0.576923076923 0
1 11 3 700 22 4 1 21 12 63.6363636364 2.0 0.363636363636 0.0909090909091 1.90909090909 1.09090909091 1
1 10 0 112 1 2 0 5 3 18.6666666667 0.166666666667 0.333333333333 0.0 0.833333333333 0.5 0
1 25 1 167 9 1 0 5 0 83.5 4.5 0.5 0.0 2.5 0.0 1
1 1 2 132 4 0 0 1 2 33.0 1.0 0.0 0.0 0.25 0.5 0
0 23 1 155 10 1 0 4 2 38.75 2.5 0.25 0.0 1.0 0.5 0
1 7 8 1044 47 34 1 37 22 58.0 2.61111111111 1.88888888889 0.0555555555556 2.05555555556 1.22222222222 0
0 0 0 27 2 2 1 1 1 27.0 2.0 2.0 1.0 1.0 1.0 0
1 6 21 2900 161 36 4 73 71 85.2941176471 4.73529411765 1.05882352941 0.117647058824 2.14705882353 2.08823529412 1
0 48 1 101 2 1 0 4 0 33.6666666667 0.666666666667 0.333333333333 0.0 1.33333333333 0.0 1
0 10 3 411 23 1 1 15 3 22.8333333333 1.27777777778 0.0555555555556 0.0555555555556 0.833333333333 0.166666666667 0
1 3 0 227 13 8 0 5 2 75.6666666667 4.33333333333 2.66666666667 0.0 1.66666666667 0.666666666667 1
1 10 5 984 38 27 1 32 18 65.6 2.53333333333 1.8 0.0666666666667 2.13333333333 1.2 0
0 7 0 26 3 0 0 0 0 13.0 1.5 0.0 0.0 0.0 0.0 0
1 10 8 1203 106 14 1 30 21 63.3157894737 5.57894736842 0.736842105263 0.0526315789474 1.57894736842 1.10526315789 0
0 10 9 553 25 4 1 20 17 24.0434782609 1.08695652174 0.173913043478 0.0434782608696 0.869565217391 0.739130434783 0
1 15 5 1454 77 17 1 36 26 161.555555556 8.55555555556 1.88888888889 0.111111111111 4.0 2.88888888889 0
1 5 18 2112 109 66 2 54 35 55.5789473684 2.86842105263 1.73684210526 0.0526315789474 1.42105263158 0.921052631579 0
1 7 21 3029 140 32 3 94 47 91.7878787879 4.24242424242 0.969696969697 0.0909090909091 2.84848484848 1.42424242424 0
1 15 0 302 19 6 1 6 8 75.5 4.75 1.5 0.25 1.5 2.0 1
1 16 1 690 28 8 0 17 7 98.5714285714 4.0 1.14285714286 0.0 2.42857142857 1.0 0
1 24 1 249 16 0 0 11 4 31.125 2.0 0.0 0.0 1.375 0.5 1
0 12 1 307 10 4 1 13 3 30.7 1.0 0.4 0.1 1.3 0.3 0
1 6 10 1445 70 13 0 42 30 57.8 2.8 0.52 0.0 1.68 1.2 1
1 14 0 111 8 0 0 4 3 55.5 4.0 0.0 0.0 2.0 1.5 0
0 16 0 99 6 0 0 3 3 33.0 2.0 0.0 0.0 1.0 1.0 1
0 13 2 317 15 4 2 9 4 26.4166666667 1.25 0.333333333333 0.166666666667 0.75 0.333333333333 0
1 11 6 1499 59 12 3 48 20 124.916666667 4.91666666667 1.0 0.25 4.0 1.66666666667 1
0 10 5 297 12 5 3 10 3 21.2142857143 0.857142857143 0.357142857143 0.214285714286 0.714285714286 0.214285714286 0
1 6 11 1203 64 10 2 32 24 41.4827586207 2.20689655172 0.344827586207 0.0689655172414 1.10344827586 0.827586206897 1
1 0 0 65 3 0 0 0 1 65.0 3.0 0.0 0.0 0.0 1.0 0
1 4 13 1568 80 29 3 44 32 82.5263157895 4.21052631579 1.52631578947 0.157894736842 2.31578947368 1.68421052632 1
1 7 9 1649 86 15 2 44 38 91.6111111111 4.77777777778 0.833333333333 0.111111111111 2.44444444444 2.11111111111 1
0 25 0 89 5 2 0 2 3 22.25 1.25 0.5 0.0 0.5 0.75 0
1 15 2 798 40 27 2 23 8 53.2 2.66666666667 1.8 0.133333333333 1.53333333333 0.533333333333 0
1 10 5 943 39 28 4 32 25 72.5384615385 3.0 2.15384615385 0.307692307692 2.46153846154 1.92307692308 0
1 8 22 2268 203 22 3 82 42 58.1538461538 5.20512820513 0.564102564103 0.0769230769231 2.10256410256 1.07692307692 0
1 20 5 1178 57 18 1 45 22 78.5333333333 3.8 1.2 0.0666666666667 3.0 1.46666666667 0
1 1 2 466 20 3 0 10 19 116.5 5.0 0.75 0.0 2.5 4.75 0
0 0 0 22 2 0 0 1 2 22.0 2.0 0.0 0.0 1.0 2.0 1
1 5 11 2081 100 22 1 55 45 86.7083333333 4.16666666667 0.916666666667 0.0416666666667 2.29166666667 1.875 1
1 21 3 520 43 3 0 10 12 52.0 4.3 0.3 0.0 1.0 1.2 0
0 12 2 213 9 1 1 8 6 35.5 1.5 0.166666666667 0.166666666667 1.33333333333 1.0 0
1 9 14 1297 69 13 2 29 31 61.7619047619 3.28571428571 0.619047619048 0.0952380952381 1.38095238095 1.47619047619 0
1 6 8 2191 115 28 2 56 37 99.5909090909 5.22727272727 1.27272727273 0.0909090909091 2.54545454545 1.68181818182 0
1 16 3 1013 46 11 3 21 12 92.0909090909 4.18181818182 1.0 0.272727272727 1.90909090909 1.09090909091 1
0 10 1 106 6 0 0 1 5 21.2 1.2 0.0 0.0 0.2 1.0 1
1 4 4 201 9 1 0 11 1 22.3333333333 1.0 0.111111111111 0.0 1.22222222222 0.111111111111 0
0 34 0 170 10 2 0 8 6 34.0 2.0 0.4 0.0 1.6 1.2 1
1 7 1 518 33 1 2 21 10 103.6 6.6 0.2 0.4 4.2 2.0 0
1 8 12 2221 100 20 5 55 37 130.647058824 5.88235294118 1.17647058824 0.294117647059 3.23529411765 2.17647058824 0
0 30 1 123 2 1 1 6 1 24.6 0.4 0.2 0.2 1.2 0.2 0
0 13 3 295 19 11 0 11 3 29.5 1.9 1.1 0.0 1.1 0.3 0
1 5 9 1975 104 21 2 51 49 141.071428571 7.42857142857 1.5 0.142857142857 3.64285714286 3.5 1
1 7 2 492 35 2 0 20 11 98.4 7.0 0.4 0.0 4.0 2.2 0
0 14 0 33 3 0 0 1 0 11.0 1.0 0.0 0.0 0.333333333333 0.0 1
1 12 20 2979 165 35 4 89 87 148.95 8.25 1.75 0.2 4.45 4.35 0
1 20 3 759 38 8 0 16 3 126.5 6.33333333333 1.33333333333 0.0 2.66666666667 0.5 0
1 13 4 651 37 5 1 22 18 59.1818181818 3.36363636364 0.454545454545 0.0909090909091 2.0 1.63636363636 0
1 0 0 7 0 0 0 0 0 7.0 0.0 0.0 0.0 0.0 0.0 0
1 9 12 2158 115 23 2 62 42 113.578947368 6.05263157895 1.21052631579 0.105263157895 3.26315789474 2.21052631579 1
1 7 9 945 46 27 0 27 20 42.9545454545 2.09090909091 1.22727272727 0.0 1.22727272727 0.909090909091 0
1 11 4 491 38 18 1 11 8 30.6875 2.375 1.125 0.0625 0.6875 0.5 1
0 1 1 100 6 0 0 1 5 100.0 6.0 0.0 0.0 1.0 5.0 0
1 1 2 142 4 0 0 2 3 71.0 2.0 0.0 0.0 1.0 1.5 0
1 0 0 20 2 1 0 0 0 20.0 2.0 1.0 0.0 0.0 0.0 1
1 16 1 727 29 8 0 18 10 90.875 3.625 1.0 0.0 2.25 1.25 1
1 13 11 1916 104 31 2 48 34 91.2380952381 4.95238095238 1.47619047619 0.0952380952381 2.28571428571 1.61904761905 0
1 12 9 1679 81 14 3 65 29 119.928571429 5.78571428571 1.0 0.214285714286 4.64285714286 2.07142857143 0
1 12 9 1921 98 8 1 48 31 101.105263158 5.15789473684 0.421052631579 0.0526315789474 2.52631578947 1.63157894737 1
0 33 1 104 4 0 0 4 1 34.6666666667 1.33333333333 0.0 0.0 1.33333333333 0.333333333333 0
1 8 10 1678 79 17 3 48 32 98.7058823529 4.64705882353 1.0 0.176470588235 2.82352941176 1.88235294118 1
1 9 5 854 90 6 0 19 20 53.375 5.625 0.375 0.0 1.1875 1.25 1
1 8 11 2099 103 21 1 69 43 110.473684211 5.42105263158 1.10526315789 0.0526315789474 3.63157894737 2.26315789474 1
1 1 1 360 17 1 1 14 3 360.0 17.0 1.0 1.0 14.0 3.0 0
1 2 4 465 13 5 0 22 6 51.6666666667 1.44444444444 0.555555555556 0.0 2.44444444444 0.666666666667 0
1 18 4 534 41 4 0 15 12 76.2857142857 5.85714285714 0.571428571429 0.0 2.14285714286 1.71428571429 1
0 13 6 492 37 1 0 15 12 28.9411764706 2.17647058824 0.0588235294118 0.0 0.882352941176 0.705882352941 0
1 13 1 285 19 3 1 8 5 31.6666666667 2.11111111111 0.333333333333 0.111111111111 0.888888888889 0.555555555556 0
1 24 2 691 59 3 2 16 10 62.8181818182 5.36363636364 0.272727272727 0.181818181818 1.45454545455 0.909090909091 0
0 32 0 63 2 1 2 3 0 21.0 0.666666666667 0.333333333333 0.666666666667 1.0 0.0 0
1 12 9 2147 90 21 4 51 42 178.916666667 7.5 1.75 0.333333333333 4.25 3.5 0
0 9 9 647 26 7 2 22 14 38.0588235294 1.52941176471 0.411764705882 0.117647058824 1.29411764706 0.823529411765 0
1 5 37 4173 380 35 4 127 68 81.8235294118 7.45098039216 0.686274509804 0.078431372549 2.49019607843 1.33333333333 1
0 6 19 1430 80 42 2 40 16 44.6875 2.5 1.3125 0.0625 1.25 0.5 0
0 8 10 560 29 4 0 13 10 28.0 1.45 0.2 0.0 0.65 0.5 1
1 7 3 631 35 5 1 25 9 70.1111111111 3.88888888889 0.555555555556 0.111111111111 2.77777777778 1.0 0
1 16 1 407 29 2 0 17 9 58.1428571429 4.14285714286 0.285714285714 0.0 2.42857142857 1.28571428571 1
1 24 0 127 9 3 0 1 3 63.5 4.5 1.5 0.0 0.5 1.5 0
1 3 23 2251 115 28 5 65 44 86.5769230769 4.42307692308 1.07692307692 0.192307692308 2.5 1.69230769231 0
1 4 17 1072 48 38 2 35 11 36.9655172414 1.65517241379 1.31034482759 0.0689655172414 1.20689655172 0.379310344828 1
0 0 0 1 0 0 0 0 0 1.0 0.0 0.0 0.0 0.0 0.0 0
1 2 0 98 3 0 0 4 2 32.6666666667 1.0 0.0 0.0 1.33333333333 0.666666666667 1
1 14 10 827 40 7 0 16 10 30.6296296296 1.48148148148 0.259259259259 0.0 0.592592592593 0.37037037037 1
1 15 0 528 41 4 1 7 13 66.0 5.125 0.5 0.125 0.875 1.625 1
0 1 1 11 0 0 0 1 1 5.5 0.0 0.0 0.0 0.5 0.5 1
1 7 15 2350 127 31 2 82 67 106.818181818 5.77272727273 1.40909090909 0.0909090909091 3.72727272727 3.04545454545 0
1 10 3 539 26 3 0 15 10 53.9 2.6 0.3 0.0 1.5 1.0 1
1 9 10 1782 89 15 1 46 36 66.0 3.2962962963 0.555555555556 0.037037037037 1.7037037037 1.33333333333 0
1 11 6 389 14 2 1 9 12 24.3125 0.875 0.125 0.0625 0.5625 0.75 1
1 5 25 2925 152 29 3 72 61 68.023255814 3.53488372093 0.674418604651 0.0697674418605 1.67441860465 1.41860465116 0
0 22 4 421 27 6 2 10 7 26.3125 1.6875 0.375 0.125 0.625 0.4375 0
1 17 0 192 12 0 0 4 4 38.4 2.4 0.0 0.0 0.8 0.8 0
1 1 7 629 25 9 1 20 16 44.9285714286 1.78571428571 0.642857142857 0.0714285714286 1.42857142857 1.14285714286 1
0 0 0 41 1 1 0 3 0 41.0 1.0 1.0 0.0 3.0 0.0 0
0 6 0 209 13 5 0 7 2 41.8 2.6 1.0 0.0 1.4 0.4 0
1 12 0 255 13 5 0 10 4 42.5 2.16666666667 0.833333333333 0.0 1.66666666667 0.666666666667 1
1 13 3 662 25 6 0 20 6 94.5714285714 3.57142857143 0.857142857143 0.0 2.85714285714 0.857142857143 0
1 6 19 3548 172 39 5 104 60 147.833333333 7.16666666667 1.625 0.208333333333 4.33333333333 2.5 1
1 10 9 1392 59 13 1 41 26 60.5217391304 2.5652173913 0.565217391304 0.0434782608696 1.78260869565 1.13043478261 0
0 8 2 356 21 6 1 9 7 29.6666666667 1.75 0.5 0.0833333333333 0.75 0.583333333333 1
1 1 1 39 2 0 0 2 1 39.0 2.0 0.0 0.0 2.0 1.0 0
1 14 4 901 37 7 3 21 17 128.714285714 5.28571428571 1.0 0.428571428571 3.0 2.42857142857 0
0 14 0 356 17 8 1 10 5 39.5555555556 1.88888888889 0.888888888889 0.111111111111 1.11111111111 0.555555555556 0
1 6 5 869 85 12 0 33 26 79.0 7.72727272727 1.09090909091 0.0 3.0 2.36363636364 0
1 2 7 439 21 4 0 10 11 31.3571428571 1.5 0.285714285714 0.0 0.714285714286 0.785714285714 1
1 11 9 1202 67 41 1 31 14 63.2631578947 3.52631578947 2.15789473684 0.0526315789474 1.63157894737 0.736842105263 0
1 7 11 2500 115 27 1 54 44 125.0 5.75 1.35 0.05 2.7 2.2 1
0 39 0 99 5 2 0 2 0 33.0 1.66666666667 0.666666666667 0.0 0.666666666667 0.0 0
1 22 3 759 33 4 1 21 8 84.3333333333 3.66666666667 0.444444444444 0.111111111111 2.33333333333 0.888888888889 0
0 22 0 79 3 0 0 1 1 19.75 0.75 0.0 0.0 0.25 0.25 0
1 15 5 1093 60 20 0 29 28 84.0769230769 4.61538461538 1.53846153846 0.0 2.23076923077 2.15384615385 0
1 19 3 292 21 1 0 9 12 32.4444444444 2.33333333333 0.111111111111 0.0 1.0 1.33333333333 0
1 36 1 165 8 2 0 9 1 82.5 4.0 1.0 0.0 4.5 0.5 0
1 16 6 920 52 7 2 25 18 76.6666666667 4.33333333333 0.583333333333 0.166666666667 2.08333333333 1.5 1
1 20 7 1804 87 15 2 43 24 94.9473684211 4.57894736842 0.789473684211 0.105263157895 2.26315789474 1.26315789474 1
1 7 20 2049 112 13 2 55 39 62.0909090909 3.39393939394 0.393939393939 0.0606060606061 1.66666666667 1.18181818182 1
0 8 0 142 14 0 0 4 4 35.5 3.5 0.0 0.0 1.0 1.0 0
1 10 7 1397 121 19 3 41 19 82.1764705882 7.11764705882 1.11764705882 0.176470588235 2.41176470588 1.11764705882 0
0 16 0 43 2 0 0 0 0 14.3333333333 0.666666666667 0.0 0.0 0.0 0.0 0
0 10 9 417 21 2 0 5 10 18.9545454545 0.954545454545 0.0909090909091 0.0 0.227272727273 0.454545454545 0
0 12 1 101 4 3 0 3 4 16.8333333333 0.666666666667 0.5 0.0 0.5 0.666666666667 1
0 0 0 49 2 0 0 1 0 49.0 2.0 0.0 0.0 1.0 0.0 0
0 17 0 65 5 0 0 1 0 21.6666666667 1.66666666667 0.0 0.0 0.333333333333 0.0 1
1 10 9 1715 95 20 0 48 33 95.2777777778 5.27777777778 1.11111111111 0.0 2.66666666667 1.83333333333 1
1 16 0 214 13 3 0 10 6 71.3333333333 4.33333333333 1.0 0.0 3.33333333333 2.0 0
1 25 2 483 18 5 1 12 29 96.6 3.6 1.0 0.2 2.4 5.8 0
1 18 0 163 6 1 0 8 2 40.75 1.5 0.25 0.0 2.0 0.5 1
1 9 7 1228 105 7 1 38 19 111.636363636 9.54545454545 0.636363636364 0.0909090909091 3.45454545455 1.72727272727 0
0 28 0 55 0 0 0 2 3 27.5 0.0 0.0 0.0 1.0 1.5 0
0 18 2 408 20 10 1 9 7 37.0909090909 1.81818181818 0.909090909091 0.0909090909091 0.818181818182 0.636363636364 0
1 13 2 454 27 10 0 20 11 34.9230769231 2.07692307692 0.769230769231 0.0 1.53846153846 0.846153846154 1
0 21 1 117 7 0 1 4 0 16.7142857143 1.0 0.0 0.142857142857 0.571428571429 0.0 1
1 6 15 1941 99 19 4 59 23 62.6129032258 3.1935483871 0.612903225806 0.129032258065 1.90322580645 0.741935483871 0
1 16 6 1105 45 14 3 33 9 92.0833333333 3.75 1.16666666667 0.25 2.75 0.75 0
1 3 16 1061 59 6 2 29 18 32.1515151515 1.78787878788 0.181818181818 0.0606060606061 0.878787878788 0.545454545455 0
1 18 2 779 35 10 1 24 14 70.8181818182 3.18181818182 0.909090909091 0.0909090909091 2.18181818182 1.27272727273 1
0 23 0 300 14 6 0 8 6 60.0 2.8 1.2 0.0 1.6 1.2 0
1 10 8 899 45 27 1 30 13 52.8823529412 2.64705882353 1.58823529412 0.0588235294118 1.76470588235 0.764705882353 0
1 16 5 993 55 7 1 28 25 124.125 6.875 0.875 0.125 3.5 3.125 0
0 24 1 126 6 0 0 8 3 31.5 1.5 0.0 0.0 2.0 0.75 0
1 11 0 137 8 2 0 3 0 34.25 2.0 0.5 0.0 0.75 0.0 1
1 2 1 124 8 1 0 1 1 62.0 4.0 0.5 0.0 0.5 0.5 0
1 8 4 552 23 7 0 12 10 69.0 2.875 0.875 0.0 1.5 1.25 1
1 16 3 865 35 6 0 20 20 86.5 3.5 0.6 0.0 2.0 2.0 1
1 8 10 1121 58 10 0 29 26 59.0 3.05263157895 0.526315789474 0.0 1.52631578947 1.36842105263 1
0 39 1 180 5 3 0 2 0 36.0 1.0 0.6 0.0 0.4 0.0 1
1 12 4 594 27 4 1 23 10 49.5 2.25 0.333333333333 0.0833333333333 1.91666666667 0.833333333333 1
1 1 1 61 6 0 0 2 0 61.0 6.0 0.0 0.0 2.0 0.0 1
1 16 1 225 20 2 0 6 2 37.5 3.33333333333 0.333333333333 0.0 1.0 0.333333333333 1
1 9 9 1577 85 14 0 39 22 157.7 8.5 1.4 0.0 3.9 2.2 1
1 2 2 176 7 2 0 6 3 88.0 3.5 1.0 0.0 3.0 1.5 0
1 6 9 1257 51 45 2 25 36 78.5625 3.1875 2.8125 0.125 1.5625 2.25 1
0 15 3 270 14 9 0 8 3 24.5454545455 1.27272727273 0.818181818182 0.0 0.727272727273 0.272727272727 0
1 7 8 1695 80 15 2 52 37 84.75 4.0 0.75 0.1 2.6 1.85 1
0 26 2 275 12 4 0 17 12 34.375 1.5 0.5 0.0 2.125 1.5 1
1 1 1 96 5 1 0 3 1 32.0 1.66666666667 0.333333333333 0.0 1.0 0.333333333333 1
0 23 0 26 3 3 0 0 0 8.66666666667 1.0 1.0 0.0 0.0 0.0 0
1 16 3 358 39 3 0 13 7 51.1428571429 5.57142857143 0.428571428571 0.0 1.85714285714 1.0 0
