0 16 1 275 17 5 0 7 4 39.2857142857 2.42857142857 0.714285714286 0.0 1.0 0.571428571429 1
1 23 2 387 21 6 0 8 4 64.5 3.5 1.0 0.0 1.33333333333 0.666666666667 0
1 0 0 8 0 0 0 0 0 8.0 0.0 0.0 0.0 0.0 0.0 0
1 6 19 4079 171 41 6 118 74 140.655172414 5.89655172414 1.41379310345 0.206896551724 4.06896551724 2.55172413793 1
1 3 9 2111 100 21 1 52 28 211.1 10.0 2.1 0.1 5.2 2.8 0
0 16 1 150 7 1 1 5 1 21.4285714286 1.0 0.142857142857 0.142857142857 0.714285714286 0.142857142857 0
1 11 10 1914 81 14 2 59 31 127.6 5.4 0.933333333333 0.133333333333 3.93333333333 2.06666666667 0
1 3 20 2841 163 29 1 72 33 76.7837837838 4.40540540541 0.783783783784 0.027027027027 1.94594594595 0.891891891892 1
1 11 4 820 58 3 3 24 11 136.666666667 9.66666666667 0.5 0.5 4.0 1.83333333333 1
1 20 0 257 17 3 0 7 6 42.8333333333 2.83333333333 0.5 0.0 1.16666666667 1.0 0
1 9 9 1928 96 17 3 38 41 120.5 6.0 1.0625 0.1875 2.375 2.5625 1
0 17 0 84 11 0 0 1 3 28.0 3.66666666667 0.0 0.0 0.333333333333 1.0 1
1 3 10 1797 86 16 3 61 29 179.7 8.6 1.6 0.3 6.1 2.9 0
1 10 3 647 40 9 1 20 6 40.4375 2.5 0.5625 0.0625 1.25 0.375 1
1 13 6 2070 95 24 1 67 41 138.0 6.33333333333 1.6 0.0666666666667 4.46666666667 2.73333333333 0
1 3 40 3632 303 28 5 113 63 57.6507936508 4.80952380952 0.444444444444 0.0793650793651 1.79365079365 1.0 1
1 22 2 230 11 5 2 7 7 46.0 2.2 1.0 0.4 1.4 1.4 0
1 5 19 3028 154 22 0 89 47 89.0588235294 4.52941176471 0.647058823529 0.0 2.61764705882 1.38235294118 0
1 17 3 1125 72 9 4 33 12 125.0 8.0 1.0 0.444444444444 3.66666666667 1.33333333333 1
0 18 1 215 9 3 0 7 7 21.5 0.9 0.3 0.0 0.7 0.7 0
1 5 33 3573 166 25 7 104 52 76.0212765957 3.53191489362 0.531914893617 0.148936170213 2.21276595745 1.10638297872 1
1 8 1 377 14 7 1 11 11 62.8333333333 2.33333333333 1.16666666667 0.166666666667 1.83333333333 1.83333333333 1
1 3 12 767 32 5 0 19 27 30.68 1.28 0.2 0.0 0.76 1.08 0
0 15 0 237 14 7 1 5 8 39.5 2.33333333333 1.16666666667 0.166666666667 0.833333333333 1.33333333333 1
0 17 0 46 4 0 0 1 5 15.3333333333 1.33333333333 0.0 0.0 0.333333333333 1.66666666667 0
1 21 1 214 14 3 0 4 1 53.5 3.5 0.75 0.0 1.0 0.25 0
1 9 10 1585 82 12 3 50 32 66.0416666667 3.41666666667 0.5 0.125 2.08333333333 1.33333333333 1
1 9 13 1417 62 17 1 47 25 44.28125 1.9375 0.53125 0.03125 1.46875 0.78125 0
0 35 1 53 2 0 0 4 0 17.6666666667 0.666666666667 0.0 0.0 1.33333333333 0.0 0
0 0 0 32 2 0 0 3 1 32.0 2.0 0.0 0.0 3.0 1.0 0
1 23 3 724 30 9 4 14 16 103.428571429 4.28571428571 1.28571428571 0.571428571429 2.0 2.28571428571 0
1 12 2 377 18 5 1 13 6 94.25 4.5 1.25 0.25 3.25 1.5 0
0 12 6 650 38 9 1 13 9 38.2352941176 2.23529411765 0.529411764706 0.0588235294118 0.764705882353 0.529411764706 0
0 13 0 251 16 3 2 6 5 35.8571428571 2.28571428571 0.428571428571 0.285714285714 0.857142857143 0.714285714286 1
0 15 0 28 3 0 0 0 3 14.0 1.5 0.0 0.0 0.0 1.5 1
1 6 9 1457 79 22 1 50 20 69.380952381 3.7619047619 1.04761904762 0.047619047619 2.38095238095 0.952380952381 1
1 4 13 1640 132 24 2 58 35 58.5714285714 4.71428571429 0.857142857143 0.0714285714286 2.07142857143 1.25 0
1 23 2 642 52 7 0 14 16 91.7142857143 7.42857142857 1.0 0.0 2.0 2.28571428571 0
1 7 11 681 45 20 1 14 11 34.05 2.25 1.0 0.05 0.7 0.55 1
1 6 24 3616 192 38 2 108 58 88.1951219512 4.68292682927 0.926829268293 0.0487804878049 2.63414634146 1.41463414634 0
1 22 3 675 42 4 0 19 10 75.0 4.66666666667 0.444444444444 0.0 2.11111111111 1.11111111111 1
1 6 14 1610 71 14 3 64 31 42.3684210526 1.86842105263 0.368421052632 0.0789473684211 1.68421052632 0.815789473684 1
1 7 7 1086 54 9 0 33 40 72.4 3.6 0.6 0.0 2.2 2.66666666667 1
1 11 9 1393 111 16 3 43 23 77.3888888889 6.16666666667 0.888888888889 0.166666666667 2.38888888889 1.27777777778 1
1 16 1 264 14 4 1 5 9 66.0 3.5 1.0 0.25 1.25 2.25 0
1 25 1 335 38 2 0 7 8 55.8333333333 6.33333333333 0.333333333333 0.0 1.16666666667 1.33333333333 0
1 9 14 2401 115 22 3 58 45 85.75 4.10714285714 0.785714285714 0.107142857143 2.07142857143 1.60714285714 0
1 30 2 772 37 6 0 30 17 128.666666667 6.16666666667 1.0 0.0 5.0 2.83333333333 1
0 9 3 202 10 2 0 3 0 22.4444444444 1.11111111111 0.222222222222 0.0 0.333333333333 0.0 0
1 25 4 505 27 5 0 11 12 45.9090909091 2.45454545455 0.454545454545 0.0 1.0 1.09090909091 1
1 10 2 490 20 7 1 9 3 70.0 2.85714285714 1.0 0.142857142857 1.28571428571 0.428571428571 1
0 31 1 246 14 2 0 10 2 61.5 3.5 0.5 0.0 2.5 0.5 1
0 30 0 178 14 2 0 3 7 35.6 2.8 0.4 0.0 0.6 1.4 0
1 20 1 279 23 3 0 7 17 55.8 4.6 0.6 0.0 1.4 3.4 0
1 8 12 1610 140 11 1 57 28 89.4444444444 7.77777777778 0.611111111111 0.0555555555556 3.16666666667 1.55555555556 1
1 12 9 1802 92 24 2 52 40 94.8421052632 4.84210526316 1.26315789474 0.105263157895 2.73684210526 2.10526315789 1
1 1 1 111 11 1 0 4 4 111.0 11.0 1.0 0.0 4.0 4.0 0
0 20 1 177 12 2 0 4 3 44.25 3.0 0.5 0.0 1.0 0.75 1
0 13 2 161 11 0 0 8 3 26.8333333333 1.83333333333 0.0 0.0 1.33333333333 0.5 0
1 7 18 2682 148 27 3 61 49 76.6285714286 4.22857142857 0.771428571429 0.0857142857143 1.74285714286 1.4 0
1 0 0 26 2 2 0 1 4 26.0 2.0 2.0 0.0 1.0 4.0 1
1 2 1 429 20 1 0 14 10 71.5 3.33333333333 0.166666666667 0.0 2.33333333333 1.66666666667 0
1 7 6 1490 90 12 2 41 26 82.7777777778 5.0 0.666666666667 0.111111111111 2.27777777778 1.44444444444 0
1 9 0 154 7 3 0 3 3 30.8 1.4 0.6 0.0 0.6 0.6 0
0 24 1 220 8 2 0 4 7 24.4444444444 0.888888888889 0.222222222222 0.0 0.444444444444 0.777777777778 0
1 10 11 1622 78 11 2 50 26 85.3684210526 4.10526315789 0.578947368421 0.105263157895 2.63157894737 1.36842105263 0
1 15 4 812 48 4 1 27 21 101.5 6.0 0.5 0.125 3.375 2.625 1
1 7 13 2577 135 21 2 72 33 85.9 4.5 0.7 0.0666666666667 2.4 1.1 0
1 10 13 1564 72 20 4 51 26 82.3157894737 3.78947368421 1.05263157895 0.210526315789 2.68421052632 1.36842105263 0
1 3 43 5664 277 75 7 148 143 79.7746478873 3.9014084507 1.05633802817 0.0985915492958 2.08450704225 2.01408450704 1
1 4 4 927 40 13 0 30 12 132.428571429 5.71428571429 1.85714285714 0.0 4.28571428571 1.71428571429 1
1 14 1 423 19 6 0 9 17 47.0 2.11111111111 0.666666666667 0.0 1.0 1.88888888889 1
0 18 3 255 12 1 0 8 6 31.875 1.5 0.125 0.0 1.0 0.75 0
1 14 7 1571 81 13 1 44 22 112.214285714 5.78571428571 0.928571428571 0.0714285714286 3.14285714286 1.57142857143 1
0 17 0 65 2 0 1 0 1 21.6666666667 0.666666666667 0.0 0.333333333333 0.0 0.333333333333 1
1 16 6 918 44 11 0 30 18 91.8 4.4 1.1 0.0 3.0 1.8 1
1 17 0 204 17 2 0 3 2 68.0 5.66666666667 0.666666666667 0.0 1.0 0.666666666667 1
1 16 3 547 28 3 0 12 15 54.7 2.8 0.3 0.0 1.2 1.5 0
1 8 6 1749 148 17 3 69 30 92.0526315789 7.78947368421 0.894736842105 0.157894736842 3.63157894737 1.57894736842 1
1 5 23 2524 193 17 4 64 47 76.4848484848 5.84848484848 0.515151515152 0.121212121212 1.93939393939 1.42424242424 0
0 14 2 254 11 3 0 9 2 28.2222222222 1.22222222222 0.333333333333 0.0 1.0 0.222222222222 1
1 21 5 1047 46 4 0 23 8 130.875 5.75 0.5 0.0 2.875 1.0 1
1 9 1 667 30 6 0 12 14 133.4 6.0 1.2 0.0 2.4 2.8 0
1 7 12 2124 110 15 2 66 60 96.5454545455 5.0 0.681818181818 0.0909090909091 3.0 2.72727272727 1
1 7 18 2376 127 27 2 62 52 99.0 5.29166666667 1.125 0.0833333333333 2.58333333333 2.16666666667 1
1 6 14 3159 165 31 4 83 41 131.625 6.875 1.29166666667 0.166666666667 3.45833333333 1.70833333333 0
0 15 2 798 83 8 0 24 19 88.6666666667 9.22222222222 0.888888888889 0.0 2.66666666667 2.11111111111 0
0 18 5 747 43 28 0 25 20 74.7 4.3 2.8 0.0 2.5 2.0 0
1 5 3 518 23 8 0 12 7 51.8 2.3 0.8 0.0 1.2 0.7 0
1 4 44 4619 437 41 2 146 93 60.7763157895 5.75 0.539473684211 0.0263157894737 1.92105263158 1.22368421053 1
1 8 4 942 35 11 2 23 19 44.8571428571 1.66666666667 0.52380952381 0.0952380952381 1.09523809524 0.904761904762 1
1 6 13 1781 84 17 1 43 23 68.5 3.23076923077 0.653846153846 0.0384615384615 1.65384615385 0.884615384615 1
1 7 10 1644 84 9 2 58 27 91.3333333333 4.66666666667 0.5 0.111111111111 3.22222222222 1.5 0
0 44 0 29 2 0 0 0 7 14.5 1.0 0.0 0.0 0.0 3.5 1
0 17 0 37 0 0 0 0 0 7.4 0.0 0.0 0.0 0.0 0.0 0
1 13 4 751 37 25 0 16 14 53.6428571429 2.64285714286 1.78571428571 0.0 1.14285714286 1.0 1
1 14 6 800 35 8 1 22 14 66.6666666667 2.91666666667 0.666666666667 0.0833333333333 1.83333333333 1.16666666667 1
1 1 1 216 5 2 0 8 4 216.0 5.0 2.0 0.0 8.0 4.0 1
1 8 10 1797 169 16 3 63 31 66.5555555556 6.25925925926 0.592592592593 0.111111111111 2.33333333333 1.14814814815 1
0 0 0 88 6 0 0 2 2 88.0 6.0 0.0 0.0 2.0 2.0 1
1 7 7 1728 87 18 2 53 28 101.647058824 5.11764705882 1.05882352941 0.117647058824 3.11764705882 1.64705882353 0
1 7 6 417 19 13 1 15 9 52.125 2.375 1.625 0.125 1.875 1.125 0
1 10 2 656 28 6 0 21 15 164.0 7.0 1.5 0.0 5.25 3.75 1
1 13 8 1894 76 10 1 61 36 157.833333333 6.33333333333 0.833333333333 0.0833333333333 5.08333333333 3.0 1
0 19 3 158 6 2 1 1 0 19.75 0.75 0.25 0.125 0.125 0.0 0
0 12 1 381 17 5 1 13 8 34.6363636364 1.54545454545 0.454545454545 0.0909090909091 1.18181818182 0.727272727273 0
1 10 10 1669 68 52 3 45 27 111.266666667 4.53333333333 3.46666666667 0.2 3.0 1.8 1
1 16 4 698 34 6 2 21 23 99.7142857143 4.85714285714 0.857142857143 0.285714285714 3.0 3.28571428571 1
1 14 2 530 25 5 1 6 13 66.25 3.125 0.625 0.125 0.75 1.625 0
1 2 0 51 3 0 0 2 0 25.5 1.5 0.0 0.0 1.0 0.0 1
1 27 3 640 35 4 0 17 13 53.3333333333 2.91666666667 0.333333333333 0.0 1.41666666667 1.08333333333 0
1 6 15 1694 91 25 5 46 32 51.3333333333 2.75757575758 0.757575757576 0.151515151515 1.39393939394 0.969696969697 1
1 9 4 1073 52 9 0 42 25 97.5454545455 4.72727272727 0.818181818182 0.0 3.81818181818 2.27272727273 1
0 9 3 139 7 0 0 5 3 23.1666666667 1.16666666667 0.0 0.0 0.833333333333 0.5 0
1 9 9 1322 65 21 3 30 21 82.625 4.0625 1.3125 0.1875 1.875 1.3125 0
1 11 11 1078 66 11 0 39 23 63.4117647059 3.88235294118 0.647058823529 0.0 2.29411764706 1.35294117647 1
1 11 5 963 41 32 0 27 20 64.2 2.73333333333 2.13333333333 0.0 1.8 1.33333333333 0
1 12 8 1880 98 17 0 61 41 125.333333333 6.53333333333 1.13333333333 0.0 4.06666666667 2.73333333333 1
0 0 0 6 0 0 0 0 0 6.0 0.0 0.0 0.0 0.0 0.0 1
0 0 0 3 0 0 0 0 0 3.0 0.0 0.0 0.0 0.0 0.0 0
1 19 2 429 25 2 0 10 8 143.0 8.33333333333 0.666666666667 0.0 3.33333333333 2.66666666667 1
1 0 0 22 5 0 0 0 0 22.0 5.0 0.0 0.0 0.0 0.0 0
0 52 1 98 4 1 0 3 4 32.6666666667 1.33333333333 0.333333333333 0.0 1.0 1.33333333333 0
1 16 4 1737 92 24 3 42 39 173.7 9.2 2.4 0.3 4.2 3.9 1
1 9 7 1705 84 20 2 53 29 100.294117647 4.94117647059 1.17647058824 0.117647058824 3.11764705882 1.70588235294 1
1 3 38 2955 163 73 2 73 66 38.8815789474 2.14473684211 0.960526315789 0.0263157894737 0.960526315789 0.868421052632 1
1 5 11 1746 69 16 2 46 25 79.3636363636 3.13636363636 0.727272727273 0.0909090909091 2.09090909091 1.13636363636 0
1 3 48 5945 292 72 3 181 110 69.1279069767 3.39534883721 0.837209302326 0.0348837209302 2.10465116279 1.27906976744 1
1 8 0 41 3 1 0 1 1 10.25 0.75 0.25 0.0 0.25 0.25 1
1 14 1 633 20 6 0 15 15 105.5 3.33333333333 1.0 0.0 2.5 2.5 1
0 15 3 343 11 3 2 10 10 26.3846153846 0.846153846154 0.230769230769 0.153846153846 0.769230769231 0.769230769231 1
0 28 2 263 21 1 0 7 8 37.5714285714 3.0 0.142857142857 0.0 1.0 1.14285714286 0
1 9 3 493 29 16 1 11 8 41.0833333333 2.41666666667 1.33333333333 0.0833333333333 0.916666666667 0.666666666667 0
1 21 2 650 34 8 1 20 18 65.0 3.4 0.8 0.1 2.0 1.8 0
1 4 7 1694 94 20 0 50 19 141.166666667 7.83333333333 1.66666666667 0.0 4.16666666667 1.58333333333 0
1 0 0 11 0 1 0 2 0 11.0 0.0 1.0 0.0 2.0 0.0 0
1 1 1 62 1 1 0 2 2 31.0 0.5 0.5 0.0 1.0 1.0 0
1 12 1 280 27 8 1 10 3 40.0 3.85714285714 1.14285714286 0.142857142857 1.42857142857 0.428571428571 0
1 11 12 1974 94 14 1 51 23 103.894736842 4.94736842105 0.736842105263 0.0526315789474 2.68421052632 1.21052631579 0
1 8 8 1292 74 12 2 34 13 76.0 4.35294117647 0.705882352941 0.117647058824 2.0 0.764705882353 0
1 13 4 1257 79 9 1 33 31 104.75 6.58333333333 0.75 0.0833333333333 2.75 2.58333333333 0
1 9 1 476 18 9 0 12 2 68.0 2.57142857143 1.28571428571 0.0 1.71428571429 0.285714285714 0
0 22 2 178 7 0 0 8 1 19.7777777778 0.777777777778 0.0 0.0 0.888888888889 0.111111111111 0
1 7 1 367 13 11 0 11 15 40.7777777778 1.44444444444 1.22222222222 0.0 1.22222222222 1.66666666667 0
1 17 2 206 19 5 0 3 0 29.4285714286 2.71428571429 0.714285714286 0.0 0.428571428571 0.0 1
1 9 7 790 48 27 1 16 24 56.4285714286 3.42857142857 1.92857142857 0.0714285714286 1.14285714286 1.71428571429 0
0 0 0 27 2 0 0 1 0 27.0 2.0 0.0 0.0 1.0 0.0 0
1 7 8 941 52 4 3 32 16 104.555555556 5.77777777778 0.444444444444 0.333333333333 3.55555555556 1.77777777778 0
1 6 13 1169 56 36 0 32 10 32.4722222222 1.55555555556 1.0 0.0 0.888888888889 0.277777777778 0
1 11 6 929 42 5 0 27 17 84.4545454545 3.81818181818 0.454545454545 0.0 2.45454545455 1.54545454545 1
0 14 3 398 28 3 0 5 7 33.1666666667 2.33333333333 0.25 0.0 0.416666666667 0.583333333333 0
1 6 13 1975 108 12 1 61 32 65.8333333333 3.6 0.4 0.0333333333333 2.03333333333 1.06666666667 1
1 10 4 839 43 6 0 28 29 69.9166666667 3.58333333333 0.5 0.0 2.33333333333 2.41666666667 1
1 9 8 1098 54 10 0 37 14 84.4615384615 4.15384615385 0.769230769231 0.0 2.84615384615 1.07692307692 0
0 5 0 73 4 0 0 2 0 24.3333333333 1.33333333333 0.0 0.0 0.666666666667 0.0 1
1 8 1 101 5 0 0 2 6 16.8333333333 0.833333333333 0.0 0.0 0.333333333333 1.0 1
1 12 8 1297 139 13 2 42 17 81.0625 8.6875 0.8125 0.125 2.625 1.0625 0
1 15 0 251 13 2 0 6 3 50.2 2.6 0.4 0.0 1.2 0.6 0
1 15 3 482 19 2 0 12 17 32.1333333333 1.26666666667 0.133333333333 0.0 0.8 1.13333333333 0
1 7 19 2676 118 32 3 77 40 86.3225806452 3.8064516129 1.03225806452 0.0967741935484 2.48387096774 1.29032258065 0
0 11 0 63 1 0 0 4 2 21.0 0.333333333333 0.0 0.0 1.33333333333 0.666666666667 1
1 3 0 80 7 1 0 7 0 26.6666666667 2.33333333333 0.333333333333 0.0 2.33333333333 0.0 0
1 3 10 1409 81 12 2 43 24 70.45 4.05 0.6 0.1 2.15 1.2 0
0 18 0 37 3 1 0 2 0 9.25 0.75 0.25 0.0 0.5 0.0 0
1 6 2 115 10 1 0 3 0 19.1666666667 1.66666666667 0.166666666667 0.0 0.5 0.0 0
1 8 7 2045 122 20 1 58 28 78.6538461538 4.69230769231 0.769230769231 0.0384615384615 2.23076923077 1.07692307692 1
0 13 2 186 11 1 0 5 9 62.0 3.66666666667 0.333333333333 0.0 1.66666666667 3.0 0
1 7 3 764 45 6 2 12 13 152.8 9.0 1.2 0.4 2.4 2.6 0
1 10 13 1807 106 21 3 54 25 95.1052631579 5.57894736842 1.10526315789 0.157894736842 2.84210526316 1.31578947368 1
1 11 5 650 37 24 1 18 13 59.0909090909 3.36363636364 2.18181818182 0.0909090909091 1.63636363636 1.18181818182 0
0 9 9 542 21 19 2 17 8 25.8095238095 1.0 0.904761904762 0.0952380952381 0.809523809524 0.380952380952 1
1 2 6 407 10 2 0 11 14 40.7 1.0 0.2 0.0 1.1 1.4 0
1 12 8 1131 39 15 2 31 28 80.7857142857 2.78571428571 1.07142857143 0.142857142857 2.21428571429 2.0 1
1 10 11 1875 111 13 5 50 28 117.1875 6.9375 0.8125 0.3125 3.125 1.75 0
1 7 7 734 49 7 1 20 21 34.9523809524 2.33333333333 0.333333333333 0.047619047619 0.952380952381 1.0 0
1 12 8 1779 93 15 2 52 26 104.647058824 5.47058823529 0.882352941176 0.117647058824 3.05882352941 1.52941176471 1
1 8 9 1427 132 15 2 44 21 79.2777777778 7.33333333333 0.833333333333 0.111111111111 2.44444444444 1.16666666667 1
1 15 8 1158 53 12 1 23 35 57.9 2.65 0.6 0.05 1.15 1.75 1
1 12 2 673 37 4 0 9 12 112.166666667 6.16666666667 0.666666666667 0.0 1.5 2.0 0
1 10 6 1412 75 11 3 37 33 94.1333333333 5.0 0.733333333333 0.2 2.46666666667 2.2 0
1 12 0 364 25 5 0 9 11 33.0909090909 2.27272727273 0.454545454545 0.0 0.818181818182 1.0 0
1 14 3 878 47 7 4 28 22 87.8 4.7 0.7 0.4 2.8 2.2 0
1 4 34 3816 336 36 5 107 89 65.7931034483 5.79310344828 0.620689655172 0.0862068965517 1.84482758621 1.53448275862 1
1 6 12 1742 85 54 1 67 21 62.2142857143 3.03571428571 1.92857142857 0.0357142857143 2.39285714286 0.75 0
0 22 0 312 35 4 1 9 8 52.0 5.83333333333 0.666666666667 0.166666666667 1.5 1.33333333333 1
1 0 0 52 2 1 0 1 0 52.0 2.0 1.0 0.0 1.0 0.0 0
1 18 0 242 18 1 2 10 8 80.6666666667 6.0 0.333333333333 0.666666666667 3.33333333333 2.66666666667 1
0 0 0 87 6 3 0 1 0 87.0 6.0 3.0 0.0 1.0 0.0 1
1 8 11 2113 111 17 0 68 53 91.8695652174 4.82608695652 0.739130434783 0.0 2.95652173913 2.30434782609 0
1 3 7 726 28 8 0 20 20 55.8461538462 2.15384615385 0.615384615385 0.0 1.53846153846 1.53846153846 0
1 8 12 2048 95 26 4 59 46 93.0909090909 4.31818181818 1.18181818182 0.181818181818 2.68181818182 2.09090909091 0
1 2 56 8002 388 69 7 240 122 74.785046729 3.6261682243 0.644859813084 0.0654205607477 2.24299065421 1.14018691589 1
0 2 0 66 3 1 0 0 3 33.0 1.5 0.5 0.0 0.0 1.5 0
1 14 6 1591 77 21 4 39 34 198.875 9.625 2.625 0.5 4.875 4.25 0
1 5 5 867 42 9 2 19 13 96.3333333333 4.66666666667 1.0 0.222222222222 2.11111111111 1.44444444444 1
1 12 11 1235 69 10 3 28 18 44.1071428571 2.46428571429 0.357142857143 0.107142857143 1.0 0.642857142857 0
1 8 1 717 23 5 0 16 12 59.75 1.91666666667 0.416666666667 0.0 1.33333333333 1.0 1
0 7 1 150 5 1 0 8 5 18.75 0.625 0.125 0.0 1.0 0.625 0
0 14 2 348 16 10 1 5 6 43.5 2.0 1.25 0.125 0.625 0.75 0
1 6 13 1280 57 14 0 37 32 38.7878787879 1.72727272727 0.424242424242 0.0 1.12121212121 0.969696969697 1
1 11 3 495 28 17 0 18 8 49.5 2.8 1.7 0.0 1.8 0.8 0
1 10 2 1230 54 12 2 34 19 111.818181818 4.90909090909 1.09090909091 0.181818181818 3.09090909091 1.72727272727 0
1 15 1 499 27 2 1 9 8 124.75 6.75 0.5 0.25 2.25 2.0 0
1 10 8 1045 52 8 0 38 24 49.7619047619 2.47619047619 0.380952380952 0.0 1.80952380952 1.14285714286 1
1 14 9 2580 124 24 3 64 42 286.666666667 13.7777777778 2.66666666667 0.333333333333 7.11111111111 4.66666666667 0
0 26 0 146 4 1 0 3 1 24.3333333333 0.666666666667 0.166666666667 0.0 0.5 0.166666666667 1
0 52 1 154 8 1 0 4 8 51.3333333333 2.66666666667 0.333333333333 0.0 1.33333333333 2.66666666667 0
0 0 0 85 6 1 1 3 3 85.0 6.0 1.0 1.0 3.0 3.0 1
1 9 10 2400 135 25 1 80 43 104.347826087 5.86956521739 1.08695652174 0.0434782608696 3.47826086957 1.86956521739 1
1 13 4 583 56 4 1 26 11 44.8461538462 4.30769230769 0.307692307692 0.0769230769231 2.0 0.846153846154 0
0 0 0 138 4 1 0 2 3 138.0 4.0 1.0 0.0 2.0 3.0 0
1 9 3 258 10 10 1 13 2 23.4545454545 0.909090909091 0.909090909091 0.0909090909091 1.18181818182 0.181818181818 0
1 4 3 331 7 7 1 11 11 47.2857142857 1.0 1.0 0.142857142857 1.57142857143 1.57142857143 0
0 24 2 212 13 2 1 4 3 35.3333333333 2.16666666667 0.333333333333 0.166666666667 0.666666666667 0.5 0
1 18 2 755 29 6 0 13 20 107.857142857 4.14285714286 0.857142857143 0.0 1.85714285714 2.85714285714 1
1 29 1 195 5 0 0 5 1 48.75 1.25 0.0 0.0 1.25 0.25 1
1 7 6 1002 46 9 0 31 23 47.7142857143 2.19047619048 0.428571428571 0.0 1.47619047619 1.09523809524 0
0 12 3 367 11 4 0 13 9 30.5833333333 0.916666666667 0.333333333333 0.0 1.08333333333 0.75 1
1 19 6 1129 61 8 0 27 34 75.2666666667 4.06666666667 0.533333333333 0.0 1.8 2.26666666667 1
1 18 0 503 27 3 2 12 9 62.875 3.375 0.375 0.25 1.5 1.125 1
1 14 10 1484 67 13 0 43 22 92.75 4.1875 0.8125 0.0 2.6875 1.375 1
0 34 0 92 3 2 0 0 0 46.0 1.5 1.0 0.0 0.0 0.0 0
1 4 9 1227 55 35 1 30 19 72.1764705882 3.23529411765 2.05882352941 0.0588235294118 1.76470588235 1.11764705882 1
0 13 1 173 7 1 1 5 4 28.8333333333 1.16666666667 0.166666666667 0.166666666667 0.833333333333 0.666666666667 1
1 1 1 133 8 2 1 3 2 33.25 2.0 0.5 0.25 0.75 0.5 1
